object FormFermi: TFormFermi
  Left = 0
  Top = 0
  Camera = Camera1
  Caption = 'Fermi Paradox Dx'
  ClientHeight = 480
  ClientWidth = 640
  Position = ScreenCenter
  FormFactor.Width = 320
  FormFactor.Height = 480
  FormFactor.Devices = [Desktop]
  DesignerMasterStyle = 0
  object Camera1: TCamera
    AngleOfView = 45.000000000000000000
    Position.Z = -5.000000000000000000
    Width = 1.000000000000000000
    Height = 1.000000000000000000
    Depth = 1.000000000000000000
  end
  object Light1: TLight
    Color = claWhite
    LightType = Directional
    SpotCutOff = 180.000000000000000000
    Width = 1.000000000000000000
    Height = 1.000000000000000000
    Depth = 1.000000000000000000
  end
  object Dummy1: TDummy
    Width = 1.000000000000000000
    Height = 1.000000000000000000
    Depth = 1.000000000000000000
  end
  object ProxyObject1: TProxyObject
    Width = 1.000000000000000000
    Height = 1.000000000000000000
    Depth = 1.000000000000000000
  end
  object Plane1: TPlane
    Width = 1.000000000000000000
    Height = 1.000000000000000000
    Depth = 0.001000000047497451
  end
  object Disk1: TDisk
    Width = 1.000000000000000000
    Height = 0.001000000047497451
    Depth = 1.000000000000000000
    SubdivisionsCap = 1
  end
  object Mesh1: TMesh
    Width = 1.000000000000000000
    Height = 1.000000000000000000
    Depth = 1.000000000000000000
  end
  object Sphere1: TSphere
    Width = 1.000000000000000000
    Height = 1.000000000000000000
    Depth = 1.000000000000000000
  end
  object Cylinder1: TCylinder
    Width = 1.000000000000000000
    Height = 1.000000000000000000
    Depth = 1.000000000000000000
  end
  object Cone1: TCone
    Width = 1.000000000000000000
    Height = 1.000000000000000000
    Depth = 1.000000000000000000
  end
  object Text3D1: TText3D
    Width = 3.000000000000000000
    Height = 2.000000000000000000
    Depth = 0.300000011920929000
    Flatness = 1.000000000000000000
    Sides = [Front, Back, Shaft]
  end
  object Path3D1: TPath3D
    Width = 4.000000000000000000
    Height = 4.000000000000000000
    Depth = 1.000000000000000000
    Flatness = 2.000000000000000000
    Sides = [Front, Back, Shaft]
  end
  object Model3D1: TModel3D
    Width = 1.000000000000000000
    Height = 1.000000000000000000
    Depth = 1.000000000000000000
    Data = {0000}
  end
  object Rectangle3D1: TRectangle3D
    Width = 4.000000000000000000
    Height = 4.000000000000000000
    Depth = 1.000000000000000000
    CornerType = Round
    Flatness = 1.000000000000000000
    Sides = [Front, Back, Shaft]
  end
  object Ellipse3D1: TEllipse3D
    Width = 4.000000000000000000
    Height = 4.000000000000000000
    Depth = 1.000000000000000000
    Flatness = 1.000000000000000000
    Sides = [Front, Back, Shaft]
  end
  object Layout3D1: TLayout3D
    Height = 4.000000000000000000
    Width = 5.000000000000000000
  end
  object ColorMaterialSource1: TColorMaterialSource
    Color = claRed
    Left = 752
    Top = 320
  end
  object TextureMaterialSource1: TTextureMaterialSource
    Left = 768
    Top = 496
  end
  object LightMaterialSource1: TLightMaterialSource
    Diffuse = claWhite
    Ambient = xFF202020
    Emissive = claNull
    Specular = xFF606060
    Shininess = 30
    Left = 736
    Top = 176
  end
end
